1040205815
1155014418
1155014536
1155022591
1155026349
1155029162
1155036150
1155037997
1155054218
1155057293
1155070973
1155074156
1155074333
1155076866
1155086975
1155088821
1155091865
1155091877
1155091963
1155091997
1155092071
1155092732
1155096023
1155097744
1155099814
1155102162
1155102538
1155111628
1155114269
1155114738
1155114877
1155115600
1155115943
1155118712
1155118929
1155119464
1155119719
1155121250
1155123524
1155128424
1155129701
1155130142
1155130470
1155130725
1155131318
1155131359
1155131669
1155133721
1155134351
1155135688
1155135993
1155136137
1155136507
1155136681
1155138156
1155139302
1155139409
1155139430
1155139431
1155144927
1155145039
1155145045
1155145048
1155145374
1155147265
1155147960
1155148147
1155149124  
1155149240
1155149244
1155149254
1155149281
1155149343
1155149495
1155149497
1155149531
1155149539
1155149641
1155149671
1155149672
1155149677
1155149679
1155149680
1155149681
1155149729
1155149740
1155149742
1155149746
1155149748
1155149750
1155149753
1155149754
1155149756
1155149759
1155149839
1155149842
1155150004
1155151609
1155151613
1155151614
1155151618
1155151619
1155151623
1155151627
1155151631
1155151702
1155151703
1155151915
1155151916
1155151929
1155151944
1155151945
1155151998
1155152001
1155152014
1155152018
1155152028
1155152029
1155152034
1155152037
1155152057
1155152058
1155152059
1155152061
1155152073
1155152076
1155152077
1155152174
1155152178
1155152215
1155152236
1155152237
1155152270
1155152322
1155152363
1155152969
1155153010
1155153040
1155153155
1155153753
1155153827
1155153831
1155153850
1155153851
1155153853
1155153854
1155153855
1155153867
1155153988
1155154026
1155154042
1155154075
1155154153
1155154154
1155154164
1155154167
1155154168
1155154169
1155154268
1155154482
1155155507